183
299
463
186
78
99
16
451
30
318
210
159
413
237
168
399
67
4
26
36
133
87
510
181
314
420
457
402
296
345
377
348
523
81
218
106
504
10
497
151
192
437
178
279
466
89
88
317
189
113
248
374
205
352
19
528
387
491
513
206
382
438
415
315
285
43
265
242
145
66
227
54
37
430
41
230
447
461
77
85
325
94
280
107
284
455
25
146
243
469
211
488
18
327
527
60
496
278
258
401
6
323
282
316
167
376
112
263
333
229
69
321
135
109
262
266
86
259
2
149
244
40
291
35
204
268
428
104
501
187
359
281
383
489
526
127
484
448
286
312
173
384
171
82
71
332
214
435
44
180
492
470
21
472
150
499
136
213
479
166
464
502
17
405
51
330
379
425
96
22
108
400
505
409
456
519
144
125
328
271
196
70
531
385
422
366
524
403
320
436
226
13
346
84
236
344
92
164
3
261
251
506
394
154
137
507
140
190
305
250
396
48
276
175
326
177
272
319
427
42
165
156
404
443
532
55
148
50
365
174
115
49
129
426
207
460
424
529
257
353
111
414
289
474
200
293
381
202
255
169
307
500
163
33
128
476
270
130
378
31
360
1
12
340
172
252
155
509
338
324
368
419
132
75
38
311
223
490
355
292
358
79
228
367
371
101
124
103
118
444
195
153
434
184
309
392
530
362
522
483
341
516
398
274
295
98
176
304
15
65
416
417
301
152
95
110
458
475
238
212
56
216
114
411
269
354
240
450
431
241
34
370
23
208
294
525
356
231
433
203
391
512
235
287
467
339
8
253
234
245
73
76
520
224
11
260
9
123
283
215
303
369
462
481
336
441
343
32
351
471
199
300
342
91
465
221
440
264
486
449
116
418
412
157
329
514
102
432
185
375
485
407
52
80
27
390
446
122
179
188
161
515
511
20
57
217
53
408
350
503
373
357
386
193
335
349
482
83
220
288
297
142
105
406
121
277
347
28
247
222
429
147
7
439
334
162
313
5
453
68
46
120
198
139
117
61
452
493
508
131
423
480
397
62
395
364
308
239
182
459
518
389
39
97
160
254
494
442
249
322
521
219
410
100
209
361
468
232
421
72
478
363
302
473
24
64
495
197
47
126
267
331
119
246
298
45
393
194
487
273
63
337
29
201
517
14
454
225
90
290
306
74
134
158
388
138
275
93
143
498
372
310
233
445
256
141
58
191
380
59
477
170
